12
10
253
15
159
126
313
453
151
251
914
13
715
524
138
23
110
351
116
23
108
11
24
13
74
40
34
133
379
38
9
769
52
52
725
48
9
17
499
38
1383
39
411
99
681
25
25
23
267
42
1002
66
28
74
241
9
187
86
92
2023
41
11
36
137
77
52
109
29
5422
567
80
119
411
9
414
178
76
55
19
58
168
1352
48
25
528
45
6443
264
462
298
453
30
37
69
123
550
155
320
9
370
9
23
116
15
8136
3276
885
103
13
42
1853
47
796
655
21
123
57
53
531
295
9
23
45
103
112
34
56
217
388
182
311
94
44
83
383
16
42
90
411
13
207
17
1460
409
11
13
3342
12
1139
184
27
77
39
513
9
286
22
27
691
50
17
24
309
845
77
245
227
271
20
2911
18
1207
29
28
10
84
56
83
248
454
20
200
40
390
132
63
158
12
55
206
75
320
896
214
254
138
28
67
27
190
9
194
88
31
9
33
9
120
67
37
37
15
312
29
287
37
160
36
65
249
395
89
258
44
344
308
4598
72
321
256
9
28
104
25
80
298
142
23
1079
836
34
9
75
301
105
31
934
11
16
239
14
3895
122
313
329
442
42
140
725
23
27
487
16
149
141
11
629
34
13
155
110
79
37
131
263
34
98
17
90
82
955
9
207
216
512
280
49
47
189
75
1118
18
23
394
139
142
132
543
37
24
41
9
11
10
1391
210
242
18
1755
89
104
55
103
15
34
80
9
551
330
65
41
340
38
129
535
9
11
245
73
15
287
71
56
49
136
190
59
119
218
452
55
428
1039
39
23
153
62
21
370
12
11
88
83
117
217
30
14
137
84
289
116
1163
50
167
155
750
37
69
102
40
173
980
9
696
205
723
866
694
37
68
569
514
33
113
10
1451
646
99
166
185
535
18
1149
21
208
90
130
51
755
242
108
9
271
19
11
331
716
208
133
10
57
9
9
142
195
30
461
203
13
63
415
203
225
67
514
9
625
33
125
124
510
10
139
109
114
31
151
85
29
98
631
84
685
205
628
110
12
99
441
32
43
333
99
15
45
183
24
265
27
88
246
423
791
21
68
135
79
178
127
231
27
9
53
9
63
11
108
27
13
28
97
20
471
360
326
78
104
10
124
857
17
367
1551
506
9
353
252
249
34
871
59
52
29
392
83
22
62
370
131
182
319
56
52
1773
11
85
274
517
111
200
297
63
9
11
43
339
21
324
79
473
60
98
259
51
45
117
1968
62
37
133
122
88
319
92
21
53
24
59
1172
14
73
81
281
105
364
92
29
38
95
26
358
97
15
1555
45
240
105
95
50
43
115
491
99
987
652
21
168
21
124
33
21
83
92
12
46
161
31
185
43
45
152
28
23
54
738
166
36
41
119
1503
80
65
156
226
140
188
253
1391
158
27
918
13
49
10
481
319
3583
33
11
282
11
15
14686
9
14554
119
160
3124
99
1183
11
521
188
25
94
61
227
25
320
144
16
1934
40
103
70
19
16
41
183
288
60
61
88
198
583
81
3083
206
133
1129
130
293
11
137
282
56
1313
161
1096
170
102
603
688
116
9
506
104
1925
161
188
10060
265
414
467
113
56
1329
9
10
866
56
1291
12
88
41
229
178
33
206
201
6507
817
23
175
9
952
54
15
12
300
683
513
1523
213
84
487
432
38
246
271
67
32
121
32
26
210
621
36
124
42
12707
1242
133
252
576
5086
278
35
204
72
10
193
543
25
1077
216
28
49
22
277
244
106
81
15
23
70
112
36
198
10
562
61
199
773
14
144
10
38
301
383
188
221
10
119
368
38
48
52
22
288
14
12
430
395
17
1041
33
121
330
15
6113
54
20
27
75
45
29
86
25
447
1273
205
59
181
654
57
979
112
77
102
98
70
165
178
1356
288
15
47
11
69
21
326
9
268
100
34
182
69
13
280
372
10
17
20
26
986
462
132
13
969
2659
328
265
216
20
219
9
43
884
10
12
9
136
467
1720
22
53
86
10
59
202
68
28
329
71
78
9
193
93
175
70
54
145
115
166
178
78
1089
528
597
31
52
4014
421
67
1688
17
120
16
257
1520
10
159
159
223
760
556
312
234
81
110
60
79
9
42
181
10
80
101
106
126
73
59
245
100
111
110
30
58
20
397
28
22
216
1926
103
368
51
45
15
20
133
100
286
336
452
865
191
13
9
398
41
92
9
340
92
183
36
283
22
26
187
14
309
42
48
20
91
538
118
11
52
360
16
67
767
19
409
11
32
190
35
277
18
223
1049
9
255
1781
61
123
268
455
40
320
29
211
112
375
19
253
100
4647
47
47
31
64
10
265
64
24
7058
59
176
144
400
72
7886
266
165
11
234
27
111
15
869
167
103
10
40
109
13
1738
251
33
1939
337
44
647
180
243
386
36
176
461
1766
98
40
202
124
57
127
326
23
178
62
1074
408
60
24
188
102
131
255
13
11
134
9
32
251
31
588
891
120
1461
16
3364
14
75
49
432
932
28
284
137
12
37
619
12
78
11
436
116
63
46
55
9
66
2452
101
563
36
14
146
210
191
1305
18
213
43
520
77
22
201
11
11
851
24
179
80
125
47
542
413
76
9
10
62
634
90
26
56
310
53
272
309
110
1762
61
259
334
1750
1281
81
702
16
560
20
467
111
9798
102
667
195
63
204
15
118
369
472
97
182
36
80
1125
142
70
127
113
251
112
61
212
43
34
140
457
95
25
37
1172
89
253
190
331
65
230
203
246
525
224
506
17
184
9
1349
270
168
502
56
252
412
48
236
41
57
129
161
112
341
31
162
63
99
453
648
9
407
25
10
9
360
506
1087
92
33
1508
71
56
44
126
146
118
170
63
68
159
10
40
25
10
134
110
39
20
87
104
9
48
163
53
109
146
183
32
44
549
18
364
107
1013
45
29
131
29
80
101
246
25
311
25
14
110
27
251
78
762
57
56
388
50
31
40
43
41
31
22
139
138
38
305
1063
341
721
227
1214
41
59
1687
1389
18
24
211
9
429
349
1018
156
204
461
154
64
61
270
152
50
274
38
388
148
112
112
106
34
179
72
37
738
689
699
53
27
94
78
27
106
15
10
34
2443
273
212
20
457
264
53
210
476
17
619
108
39
274
52
58
9
802
77
179
516
17
43
20
37
44
261
39
18
12
87
73
20
248
33
40
114
1016
20
276
42
5022
53
714
786
358
10
1978
459
11
67
80
453
70
357
529
199
31
64
69
24
57
151
76
20
23
29
19
51
118
234
93
23
14
195
525
110
58
22
6726
13
139
2588
142
18
248
160
118
125
43
105
195
116
28
1136
94
100
168
194
51
91
25
62
56
360
15
12
9
101
81
30
76
45
83
48
95
180
40
560
20
210
13
62
38
105
846
183
808
83
184
202
10
576
176
28
969
43
120
350
226
955
544
227
556
26
44
43
259
491
684
498
654
68
59
20
30
58
142
26
95
274
244
10
638
10
334
31
11
36
509
185
40
12
496
122
2396
84
443
514
15
192
137
377
29
23
459
25
947
15
49
793
110
257
244
566
1349
1519
9
27
22
21
16
36
310
303
32
226
59
52
170
9
306
55
494
596
583
327
40
86
61
41
34
138
13
651
292
646
2949
17
12
51
9
29
480
15
123
344
170
90
917
281
180
461
3515
19
39
27
434
45
63
15
57
116
43
40
10
813
109
278
17
176
381
45
81
619
24
407
29
75
472
156
13
361
10
567
560
14
1153
46
173
44
83
338
61
24
22
54
54
55
73
13
162
904
129
29
158
105
107
291
155
116
403
58
14
103
42
33
83
19
99
13
10
260
18
275
14
402
18
203
176
32
211
838
531
285
1494
53
159
28
15
1460
5417
135
424
85
18
532
70
69
28
26
48
1305
42
155
16
513
12
45
1328
631
196
81
220
938
9
103
13
158
1283
286
12
603
16
165
15
25
5024
296
72
104
1608
645
513
85
212
50
207
38
16
677
146
45
7926
136
47
295
30
63
61
114
105
103
13
1037
12
248
168
117
1181
27
69
50
87
258
446
77
361
328
92
1689
174
55
488
978
55
92
215
29
158
24
251
357
119
10
33
38
18
247
10
104
58
34
194
11
9
9
340
101
568
155
43
27
498
337
236
15
348
174
65
54
117
230
11
33
314
11
98
55
589
1453
48
20
32
160
1187
82
229
9
301
196
9
318
92
367
46
54
135
161
49
14
32
158
56
749
82
48
73
190
19
1495
89
345
19
960
9
217
18
36
97
11
16
74
125
10
888
1099
1120
2104
58
69
56
58
50
26
1555
369
594
494
30
13
579
164
711
706
108
204
13
77
226
154
45
297
11
21
81
81
125
342
742
86
1286
149
364
453
26
27
1885
41
109
620
568
77
243
9
73
266
15
989
25
17
9
51
94
71
436
14
9
130
106
1185
292
129
281
28
735
28
171
71
502
77
16
41
343
437
97
19
371
15
167
73
163
68
110
54
69
38
118
316
150
656
1174
105
9
119
1640
185
12
164
32
53
182
243
40
110
162
457
2413
145
10
95
106
204
18
34
820
51
42
15
761
559
560
14
73
11
343
18
37
1875
163
248
230
154
137
83
687
76
47
37
51
69
23
668
176
63
918
16
84
105
80
29
318
42
9
105
50
1089
152
309
238
62
61
169
10
19
45
18
126
45
154
27
44
81
225
164
21
324
129
78
22
512
30
829
12
737
298
149
520
142
65
33
90
616
66
245
17
10
536
70
197
42
93
74
1195
123
616
227
225
154
73
60
366
101
68
546
6931
63
77
23
961
19
442
381
386
118
53
1146
38
125
42
22
9
46
22
14
28
45
175
14
92
278
104
528
74
646
179
11
227
191
6434
3560
1174
779
280
10
32
1553
307
39
84
145
99
361
21
12
228
450
143
61
531
168
15
38
38
32
1401
231
11
96
148
10
39
35
38
180
709
126
329
47
492
195
39
230
961
420
92
335
46
326
16
144
388
14
412
106
131
347
34
10
93
40
4016
92
313
64
144
115
60
263
20
88
268
491
72
253
10
42
1642
56
21
174
28
36
121
26
23
135
320
437
402
36
270
15
501
36
746
323
59
9
370
265
300
20
598
88
65
310
2824
43
153
199
287
43
469
16
390
144
356
56
33
296
248
254
9
32
442
116
34
119
105
587
43
236
32
62
324
24
492
11
275
118
235
9
9
11
1276
20
9
55
82
93
184
44
4012
86
120
51
97
33
12
383
909
9
244
10
27
28
659
24
34
82
187
53
1025
38
241
54
461
42
29
516
29
255
36
67
114
4616
50
156
1029
21
130
201
11
37
129
9
58
116
562
430
100
142
216
254
818
25
13
95
599
1162
362
1303
70
127
35
1192
227
1867
113
542
200
44
57
16
29
45
37
220
528
10
35
92
11
193
123
31
20
831
135
490
63
53
20
315
159
45
194
18
243
24
233
30
44
457
5228
29
52
17
598
498
4297
21
19
60
158
711
25
203
9
20
43
119
15
668
13
289
47
216
106
9
80
126
78
272
1086
365
38
16
656
201
99
2432
22
142
565
16
80
1535
67
29
79
377
51
35
28
231
22
41
95
24
2547
34
378
16
9
42
354
222
73
66
550
35
261
20
124
65
116
93
59
114
472
27
459
17
80
59
78
254
130
20
98
3903
18
74
45
1161
147
9
483
70
45
49
27
1471
69
54
265
54
91
71
11
523
46
182
59
11
22
46
475
127
107
9
81
212
89
94
690
19
810
21
50
455
9
93
410
535
107
77
150
180
384
357
44
149
534
17
185
71
68
360
473
1375
155
134
251
192
48
733
104
44
128
20
217
541
12586
352
11
15
783
11
50
36
151
77
27
40
155
30
27
44
67
103
105
12
20
103
145
196
20
37
61
130
13
192
326
389
355
42
535
616
669
718
364
34
189
27
79
106
9
41
399
68
151
353
98
766
123
19
88
832
27
709
399
28
40
1303
984
879
1160
41
154
80
20
79
121
61
2024
252
133
14
25
30
142
337
6648
305
4059
245
178
164
117
12
30
300
28
330
530
9
129
16
9
13
32
241
48
142
498
155
10
1134
279
289
1351
459
1709
184
79
1810
100
53
216
10
40
52
2138
120
337
100
36
499
2352
65
77
60
187
15
17
148
19
348
33
555
187
149
28
58
9
417
10880
7595
934
70
168
242
58
502
177
94
56
1283
9
24
307
208
10
51
38
817
33
126
22
24
455
11
279
102
88
27
56
479
16
652
382
88
151
13
344
11
197
116
34
9
205
22
134
1189
5815
191
198
460
9
39
185
108
545
402
38
60
14
57
2200
258
14
684
130
87
19
35
370
417
22
53
56
205
14627
734
1773
582
342
309
379
718
69
27
81
34
231
174
93
628
703
17
388
123
10
55
190
78
55
270
520
10
41
824
963
43
145
22
9
182
529
81
82
70
92
37
34
16
10
617
13
179
105
69
1714
64
76
412
955
31
123
160
32
232
64
50
131
170
284
32
141
836
12
2505
41
235
25
347
80
66
1707
44
57
13
36
161
98
131
34
255
110
1900
267
28
1014
29
100
28
168
17
243
80
50
57
230
411
124
46
34
257
292
45
13
51
2547
284
104
79
810
36
33
997
294
74
17
328
333
13
225
50
110
1277
127
48
1595
122
109
466
79
38
18
28
18
18
183
149
58
11
28
247
18
32
158
185
251
198
41
103
121
92
287
441
1162
11
647
93
31
121
13
16
284
35
1070
86
76
872
39
2917
46
150
26
16
26
1381
120
163
41
25
32
602
129
233
184
498
50
11
117
36
413
190
277
218
308
27
53
527
111
9
292
228
940
422
211
353
4129
195
32
59
114
1738
178
151
294
29
44
71
656
35
195
818
17
76
155
69
17
302
36
87
43
4234
27
30
38
145
13014
36
77
78
487
6128
565
415
218
16
150
5698
33
47
25
22
402
9
9
10
75
137
162
6228
154
173
353
217
9
45
51
500
22
36
968
124
136
208
690
539
141
345
36
183
26
254
25
335
22
48
157
133
217
32
25
41
9
67
18
310
187
1180
27
689
505
99
50
19
71
153
197
472
36
14
263
94
1231
123
9
504
30
46
46
121
19
403
82
46
11
96
31
58
23
30
116
164
283
242
1112
46
19
904
9
446
5506
982
26
10
34
461
66
32
211
21
23
360
818
16
15
20
1023
190
30
20
323
19
137
83
24
8016
11
67
25
74
10
534
26
113
492
105
19
185
11
29
180
9
143
82
127
43
50
128
519
118
662
704
123
23
100
51
203
500
217
